379,4
73,2
4294967279,94
62,2
4294967279,95
351,2
4294967278,357
4294967279,392
4294967279,93
4294967279,91
4294967279,89
4294967279,82
4294967279,80
4294967279,75
4294967279,71
250,6
204,7
204,0
73,4
73,6
537,7
537,0
537,6
4294967279,400
204,6
204,1
204,5
204,2
512,9
512,0
512,8
186,2
220,4
167,4
67,4
154,6
372,7
62,4
213,2
344,6
344,4
226,2
186,4
213,6
213,4
226,5
226,7
226,4
351,6
351,4
204,4
83,4
2,4
4294967294,185
540,7
539,8
4294967294,501
540,6
4294967294,1445
539,7
540,5
540,4
540,3
540,2
540,1
322,4
539,6
539,5
539,4
539,3
539,2
539,1
364,4
538,5
538,4
538,3
538,2
538,1
37,4
4294967278,133
537,5
537,4
537,3
537,2
537,1
4294967278,248
367,4
4294967279,378
4294967278,319
4294967294,460
4294967294,1086
535,4
535,3
535,2
535,1
4294967294,473
4294967278,178
4294967279,178
534,6
534,5
534,4
534,3
534,2
534,1
4294967278,318
4294967279,157
4294967279,167
4294967279,161
4294967278,317
4294967294,499
4294967278,316
4294967278,315
532,5
4294967279,149
532,4
532,3
532,2
532,1
4294967278,313
4294967279,61
4294967279,57
4294967279,55
4294967279,50
4294967279,48
4294967279,35
101,4
4294967279,294
365,1
365,0
365,5
365,2
4294967294,1434
406,0
406,5
4294967279,138
4294967294,450
4294967294,1453
515,8
4294967278,308
4294967279,134
4294967279,265
4294967278,262
530,4
530,3
530,2
530,1
4294967278,307
4294967278,533
4294967278,245
4294967279,245
4294967279,233
4294967294,12
4294967294,126
4294967294,166
4294967294,24
4294967294,104
4294967294,106
4294967279,395
4294967279,252
489,0
489,8
4294967294,498
489,7
4294967294,431
516,6
4294967279,213
4294967294,1435
4294967279,203
527,5
527,4
527,3
527,2
527,1
4294967279,246
366,4
4294967279,244
525,6
525,5
525,4
525,3
525,2
525,1
4294967279,242
4294967279,177
4294967294,441
4294967279,60
4294967278,168
4294967294,170
4294967279,164
4294967294,1440
4294967278,553
4294967279,160
4294967294,497
4294967294,1425
4294967279,238
4294967279,44
489,6
4294967278,155
4294967279,389
4294967279,383
4294967279,153
4294967279,236
4294967279,40
4294967294,1166
4294967294,127
4294967294,18
4294967294,68
4294967294,11
4294967294,412
4294967294,1456
4294967294,1433
4294967278,356
4294967279,394
4294967279,143
523,6
523,5
523,4
523,3
523,2
523,1
4294967279,27
4294967279,26
4294967294,496
4294967279,24
4294967279,135
4294967278,534
4294967294,1449
4294967279,263
4294967294,1068
4294967294,398
4294967294,459
4294967294,1448
4294967294,1443
366,3
372,3
379,3
4294967294,448
213,3
226,3
4294967279,390
4294967294,495
4294967279,388
4294967294,1245
4294967294,1438
365,3
520,5
520,4
4294967279,249
520,3
520,2
520,1
363,4
4294967294,1152
4294967294,1159
4294967294,1077
4294967294,405
4294967279,234
510,6
4294967279,375
4294967278,233
4294967279,231
4294967279,447
4294967279,217
519,6
519,5
519,4
519,3
519,2
519,1
4294967279,212
4294967294,1459
4294967279,211
4294967279,204
518,9
518,8
518,7
518,6
518,5
4294967278,204
518,4
4294967279,205
518,3
518,2
518,1
4294967278,203
4294967279,232
4294967294,1424
4294967294,1458
4294967278,192
4294967279,193
4294967294,1457
516,5
516,4
516,3
516,2
516,1
4294967278,532
4294967294,116
189,3
4294967278,519
4294967278,175
4294967278,173
4294967278,132
4294967278,130
4294967278,128
4294967278,126
4294967278,252
4294967278,122
4294967278,119
4294967278,117
4294967278,116
4294967278,112
4294967278,110
4294967278,108
4294967278,107
4294967278,106
4294967278,101
4294967278,100
4294967278,99
4294967278,97
4294967278,94
4294967278,92
4294967278,91
4294967278,90
4294967278,85
4294967278,82
4294967278,81
4294967278,80
4294967278,79
4294967278,75
4294967278,73
4294967278,72
4294967278,71
4294967278,70
4294967278,69
4294967278,65
4294967278,63
4294967278,61
4294967278,60
4294967278,57
4294967278,48
4294967278,47
4294967278,46
4294967278,515
4294967278,39
4294967278,37
4294967278,293
4294967278,31
4294967278,29
4294967278,27
4294967278,25
4294967278,24
4294967278,16
4294967278,15
4294967278,11
4294967279,131
4294967279,268
4294967279,129
4294967279,411
4294967279,125
4294967279,120
4294967279,118
4294967279,114
4294967279,111
4294967279,104
4294967279,96
4294967279,340
4294967279,86
4294967279,218
4294967279,279
4294967279,409
4294967278,306
515,7
515,6
515,5
515,4
515,3
515,2
515,1
4294967279,226
4294967278,51
4294967278,514
4294967294,1455
4294967278,305
4294967279,331
4294967294,1454
514,6
514,5
514,4
514,3
514,2
514,1
4294967294,1158
4294967278,144
4294967294,510
4294967294,406
4294967278,26
4294967278,275
512,7
512,6
512,5
512,4
512,3
512,2
512,1
4294967279,19
4294967278,18
4294967279,269
4294967279,404
511,7
511,6
511,5
511,4
511,3
511,2
511,1
83,3
4294967294,386
167,3
4294967278,554
510,5
510,4
510,3
510,2
510,1
4294967294,449
4294967294,175
4294967278,301
509,5
509,4
509,3
509,2
509,1
147,4
4294967279,323
4294967278,103
4294967278,225
508,6
508,5
508,4
508,3
508,2
508,1
4294967278,215
4294967278,300
4294967278,298
4294967279,441
4294967279,318
4294967278,517
4294967278,381
4294967278,297
4294967278,346
4294967294,494
4294967278,296
501,5
501,4
501,3
501,2
501,1
4294967294,428
4294967294,455
4294967279,381
4294967279,12
4294967278,7
4294967278,129
4294967278,127
4294967279,376
4294967278,120
4294967278,118
4294967278,526
4294967278,282
4294967278,109
4294967294,439
4294967294,113
4294967294,1452
4294967279,374
3,7
3,0
4294967278,281
4294967278,2
4294967278,88
4294967294,493
326,4
4294967294,453
4294967278,279
337,4
4294967278,525
4294967279,440
492,4
492,2
492,1
4294967279,2
4294967278,278
4294967294,466
4294967294,180
4294967278,273
4294967294,492
4294967278,268
4294967278,263
4294967294,1085
4294967294,470
4294967294,390
363,3
4294967294,491
489,5
4294967279,444
489,4
489,3
489,2
489,1
4294967278,143
4294967278,142
350,2
350,4
4294967294,1163
4294967294,420
4294967294,167
4294967294,457
4294967294,404
199,3
351,3
4294967278,96
4294967278,95
4294967278,93
4294967278,89
4294967278,87
4294967278,86
4294967278,84
4294967278,83
4294967278,78
4294967278,77
4294967278,76
4294967278,74
4294967278,68
4294967278,66
4294967278,542
4294967278,64
4294967278,62
4294967278,58
4294967278,55
4294967278,54
4294967278,382
4294967278,52
4294967278,349
4294967278,45
4294967278,338
4294967278,44
4294967278,345
4294967278,43
4294967278,41
4294967278,38
4294967278,36
4294967278,34
4294967278,32
4294967278,30
4294967278,28
4294967278,22
4294967278,20
4294967278,19
4294967278,17
4294967278,9
4294967278,5
4294967279,130
4294967279,128
4294967279,127
4294967279,126
4294967279,253
4294967279,124
4294967279,123
4294967279,116
4294967279,115
4294967279,283
4294967279,21
4294967279,20
4294967279,18
4294967279,443
4294967279,16
4294967279,15
4294967279,10
4294967279,4
4294967294,490
4294967294,399
4294967294,467
344,3
344,1
344,0
344,5
344,2
4294967278,257
486,6
4294967279,9
4294967278,256
4294967278,8
4294967279,372
4294967278,343
4294967279,7
4294967278,6
4294967278,556
4294967278,4
486,5
486,4
486,3
486,2
486,1
4294967278,336
4294967279,403
4294967278,250
4294967294,1451
4294967278,251
4294967279,117
4294967279,408
483,5
483,4
483,3
483,2
483,1
222,4
4294967279,368
4294967278,529
4294967279,366
482,4
482,3
482,2
482,1
4294967279,365
4294967279,303
4294967278,246
4294967278,244
4294967294,1168
4294967278,238
4294967278,231
4294967278,67
4294967278,323
4294967279,380
4294967278,177
4294967278,176
4294967278,56
4294967278,53
4294967278,161
4294967278,227
293,3
309,3
4294967294,409
4294967294,183
4294967294,1218
4294967294,416
4294967294,189
4294967294,191
4294967278,42
4294967294,508
4294967278,35
4294967278,33
4294967279,439
4294967278,223
4294967279,370
4294967278,221
4294967278,174
4294967278,140
4294967279,278
